-6882 0.14165 59069.165 0
-6756 0.14155 59073.816 -3016.50175
-6712 0.14173 58983.255 10779.69397
-6352 0.14416 58950.782 -138733.03081
-6701 0.14147 59072.501 -7185.66178
-6398 0.14362 59032.04 -128089.19091
-6441 0.14394 59062.358 -156707.0481
-6354 0.1433 59128.751 -153657.54133
-6795 0.14269 59038.643 -41316.07093
-6354 0.14381 59057.414 -146666.36181
-6868 0.1421 59049.871 -16994.01465
-6537 0.1419 58964.218 -8640.67943
-6266 0.1436 58884.305 -104276.4654
-6509 0.14277 59043.859 -73675.94514
-6300 0.14353 59113.796 -158869.08214
-6767 0.14243 59012.414 -25318.96079
-6127 0.14177 59099.074 -139664.92831
-6702 0.14148 59073.524 -15083.0086
-6266 0.14366 58884.304 -104395.20492
-6711 0.14174 58983.656 9443.04736
-5890 0.14359 58901.612 -118513.94769
-6283 0.14394 59018.75 -150714.86224
-6417 0.14394 59058.634 -155653.59416
-6303 0.14358 59113.565 -160358.8959
-6588 0.14313 59058.013 -72035.7602200001
-6145 0.14437 59096.073 -229111.50873
-6052 0.14346 59121.085 -207649.10109
-6740 0.14258 59053.028 -48541.95281
-6214 0.14318 59079.233 -143799.62823
-6868 0.14217 59030.809 -17759.63232
-6468 0.14403 58927.383 -121057.75642
-6205 0.143 58868.571 -55438.2322500001
-6596 0.14168 59005.206 -10850.37961
-6581 0.14163 58985.574 6859.94745
-6020 0.14365 59128.797 -245238.67736
-6532 0.14345 59019.287 -99701.61672
-6481 0.14353 59008.807 -85448.9603100001
-6609 0.14262 59011.955 -36642.86085
-6166 0.14465 59038.811 -187941.02151
-6349 0.14287 58975.378 -81707.53023
-6369 0.14288 59033.839 -77963.0508300001
-6195 0.14482 58884.459 -160904.64262
-6212 0.1446 59063.928 -208789.16022
-6360 0.14315 59040.969 -100872.41262
-6401 0.14261 58917.87 -23019.95901
-6528 0.14167 58987.827 4987.91123
-6593 0.14358 59006.119 -93743.4818
-6509 0.14336 59048.164 -77645.7644800001
-6068 0.14422 59114.53 -246264.05149
-5573 0.14399 58828.984 -210355.74923
-5802 0.14508 59002.656 -306821.75841
-5971 0.14438 59055.989 -246567.63365
-5657 0.14505 58940.121 -310509.48361
-6136 0.1433 58856.048 -71495.15097
-6607 0.14248 59023.88 -36252.37281
-6398 0.1427 58915.276 -25653.7945
-6273 0.14288 58964.252 -65293.57493
-6610 0.14249 59019.349 -38839.17038
-6270 0.14504 58981.795 -196929.50208
-6476 0.14236 58983.547 -47077.27775
-6352 0.1442 58944.599 -137769.78043
-5962 0.14354 59050.853 -233790.18527
-6118 0.14465 59009.18 -184212.38919
-5987 0.14349 59141.251 -240969.36619
-6044 0.14363 59090.568 -201256.18177
-6161 0.14455 59079.019 -192361.75608
-5865 0.14434 59038.485 -236084.69511
-6169 0.14275 59038.388 -114014.86006
-5669 0.14508 58932.769 -294585.86701
-6398 0.14265 58918.825 -25467.29686
-6144 0.14516 58885.225 -169602.43313
-6057 0.14369 58973.75 -144522.78586
-6298 0.14408 58997.317 -126889.92425
-5837 0.14433 59034.86 -234995.61122
-6690 0.14163 59056.678 -13325.80508
-6194 0.14451 59084.543 -204904.56291
-6416 0.14207 58880.775 11220.04335
-6382 0.14435 59085.302 -194108.13187
-6382 0.14219 58836.266 19279.12718
-6272 0.14284 58955.388 -85452.4845700001
-5954 0.14349 59107.107 -230193.80423
-6239 0.14382 59040.895 -152498.56115
-6687 0.14158 59056.908 -11835.99132
-6407 0.14192 58784.281 39645.67404
-5867 0.14477 59109.227 -315739.21412
-5925 0.14506 59070.144 -286401.5881
-6037 0.14309 59033.61 -161459.81624
-6152 0.14323 58876.596 -64928.54334
-6508 0.14268 59040.809 -76504.2650700001
-6120 0.14469 59008.936 -185702.20295
-6594 0.14249 59025.135 -48293.82653
-6294 0.14181 59092.942 -121597.13294
-6222 0.14336 58981.266 -93372.065
-6524 0.14236 59003.414 -43938.59752
-5810 0.14452 59026.468 -231420.40936
-6273 0.14367 59059.448 -143963.28165
-6134 0.14201 58673.376 51552.38303
-6440 0.14219 58836.268 21800.4027
-5934 0.14298 58793.001 -65521.0803199999
-5951 0.14508 59071.259 -281912.15927
-6395 0.14258 58964.606 -49653.9945200001
-6689 0.14164 59058.858 -17490.88178
-6232 0.14476 59009.098 -181274.52263
-6674 0.14171 58952.101 14487.59285
-6876 0.14051 59094.179 -8869.84425
-5934 0.14534 59079.215 -289028.39698
-5918 0.14549 59061.636 -302614.03081
-6230 0.14283 58935.197 -84897.64649
-6163 0.14284 58764.996 -22983.49766
-6264 0.14286 58953.212 -65821.42731
-5838 0.14423 59037.577 -238020.84553
-5970 0.14436 59135.679 -278990.26859
-5617 0.14425 58907.705 -226472.65876
-5839 0.14417 59034.556 -232341.78487
-6002 0.14378 59047.033 -182754.55759
-6352 0.14391 59036.952 -154223.08307
-5590 0.14583 58930.942 -335283.18506
-6563 0.14224 58981.366 -18888.76293
-5866 0.14553 59046.333 -310871.68343
-5933 0.14531 59079.32 -288202.19698
-6421 0.14259 59049.878 -72192.1511200001
-6238 0.14439 59020.702 -172506.27152
-6442 0.14192 58816.267 34597.33203
-6030 0.14498 59080.955 -265370.56907
-5919 0.1456 59060.067 -300128.68714
-5763 0.14528 58998.237 -274152.95328
-5891 0.14485 59079.088 -300647.30615
-6241 0.14376 59040.108 -148233.85371
-6027 0.14486 59081.348 -264131.28887
-6560 0.14178 59020.944 -14017.19068
-6350 0.14402 59037.469 -155858.26166
-5876 0.14416 59040.665 -232989.93695
-6394 0.14254 58964.98 -50123.1003500001
-6307 0.14346 59041.038 -107321.29228
-6876 0.14052 59087.447 -8245.23369
-6238 0.1438 59041.84 -148998.22601
-6463 0.14316 59047.308 -91747.35516
-6411 0.14303 59028.235 -77146.8973200001
-6259 0.14371 59057.565 -140784.07269
-6277 0.14321 58934.609 -90622.4063400001
-5734 0.14554 58985.857 -291029.63605
-6602 0.14256 59002.207 -35405.40513
-5774 0.1454 58989.487 -292603.04828
-6305 0.14348 59043.404 -109244.1789
-5839 0.14435 59034.387 -237065.61636
-6510 0.14163 58868.273 28168.30351
-6867 0.14058 59097.875 -41539.49164
-6831 0.14162 59067.729 -123.35996
-6112 0.14469 58971.791 -187241.69944
-5644 0.14566 58801.109 -252011.63104
-6606 0.14212 59033.248 -36002.23885
-6303 0.14355 59051.197 -113676.20811
-5847 0.14452 59033.156 -232152.51161
-6225 0.14348 59006.157 -103762.52461
-6102 0.14401 59045.45 -159805.921
-5382 0.14579 58631.538 -222427.62092
-5889 0.14315 58656.188 -25560.92996
-6373 0.14236 58890.835 -19794.23064
-5820 0.14461 59012.96 -249936.43335
-6341 0.14348 59040.593 -106991.22864
-5861 0.14494 58957.276 -210775.10112
-6296 0.1431 58954.862 -69380.5720600001
-6219 0.14471 59000.975 -194955.09275
-6459 0.14207 58993.484 -30900.51341
-5947 0.14536 59089.212 -284120.32571
-6493 0.14203 58924.434 6272.76212
-6724 0.14173 59043.914 -248.73822
-5834 0.14489 58993.766 -263607.08805
-5755 0.14438 58971.922 -243399.41017
-5910 0.14562 59039.84 -354328.35147
-5538 0.14536 58917.972 -404453.36005
-6012 0.14363 59049.574 -173641.53595
-5922 0.1443 58961.86 -154395.01186
-6073 0.1448 58956.946 -179498.76114
-6163 0.14436 59131.475 -261782.22559
-6378 0.1418 58801.26 35397.90497
-6184 0.14391 59148.322 -229038.20077
-5838 0.14614 58970.853 -309519.84374
-6034 0.14359 59088.516 -191258.44605
-6119 0.14361 59034.519 -141807.1869
-5987 0.14484 59040.309 -221810.31795
-6041 0.14366 59061.389 -176330.90473
-6052 0.14393 58759.65 -84943.55898
-6882 0.14157 59065.788 883.47754
-5989 0.14402 59029.68 -196332.18178
-6382 0.14311 59065.047 -94049.3637300001
-5838 0.14612 58973.482 -307184.47847
-6170 0.1446 59129.059 -271640.90974
-5987 0.14485 59039.99 -221176.09131
-6005 0.14452 59047.59 -200963.61108
-5537 0.14555 58913.506 -428904.24018
-5727 0.14536 58982.205 -283244.09101
-5840 0.14542 59086.987 -312891.82422
-6042 0.14244 58641.845 37431.61736
-6740 0.14058 59090.724 -41325.1651
-5418 0.14658 58721.035 -606732.96626
-6385 0.14311 59065.269 -95924.3249200001
-5894 0.1442 58930.969 -151023.42299
-5945 0.14507 59113.533 -340816.2836
-6787 0.14164 59019.88 6706.81106
-6003 0.14473 59043.95 -204874.97789
-5706 0.14483 59016.609 -324788.75625
-6064 0.14356 58799.441 -64587.92241
-6570 0.14229 58987.131 -30567.39084
-5720 0.14589 58964.367 -299181.16227
-5975 0.14464 59036.327 -217627.6857
-5577 0.14582 58893.505 -414606.08399
-6674 0.14167 58946.662 15494.14686
-5822 0.14394 58639.857 -64638.72393
-6039 0.14201 58672.083 51283.02767
-6073 0.14404 59017.856 -167027.94389
-6295 0.14363 59001.424 -119757.75789
-5619 0.14623 58873.231 -291572.98506
-6154 0.14203 58674.03 54415.13081
-5740 0.14387 58678.683 -81976.6675999999
-5831 0.14383 58657.003 -66081.18054
-6064 0.142 58687.297 49234.41327
-5846 0.1454 59076.78 -306675.18418
-5710 0.14632 58925.101 -411075.92352
-6325 0.14232 58920.368 -28439.08995
-6857 0.14173 59050.483 -14054.96806
-6086 0.14396 59018.91 -153402.67425
-6676 0.14053 59010.494 748.26657
-6457 0.14178 58907.32 21726.82244
-5744 0.14498 59016.949 -277144.11791
-5861 0.14555 59067.17 -318384.59474
-6533 0.14249 59066.923 -54327.23183
-5696 0.14611 58947.699 -301512.8474
-5652 0.14509 58932.808 -299762.04273
-6317 0.14318 58990.354 -85111.7780300001
-6740 0.14062 59077.958 -10127.9788
-6017 0.14231 58673.755 42618.2569
-6537 0.14258 59066.693 -55817.04559
-6876 0.14045 59100.229 -10237.04649
-5724 0.1457 58978.434 -326736.28685
-5251 0.14643 58612.527 -395420.15073
-6001 0.14239 58667.377 36371.66885
-6206 0.14406 59073.394 -167131.64497
-6307 0.14321 59008.451 -102629.18582
-6484 0.14284 59030.326 -74767.7014600001
-5837 0.14484 59097.094 -306675.95199
-6105 0.14517 58970.393 -222443.0519
-5641 0.14522 58932.565 -263257.73253
-5918 0.14458 58979.861 -203187.77844
-5820 0.14608 58915.664 -284285.73516
-6222 0.14368 58991.929 -135428.714
-5825 0.14279 58738.159 -8591.06450000004
-5704 0.14545 58997.751 -313155.67342
-6335 0.14259 58901.713 -28049.70553
-6001 0.144 58988.413 -177124.12775
-5256 0.14618 58631.91 -387729.82354
-5946 0.14507 59113.444 -340132.53749
-5698 0.1458 58963.627 -348631.27749
-5718 0.1451 58874.227 -249354.25035
-5804 0.14292 58708.22 -16587.04479
-6301 0.14191 59108.544 -108927.46931
-6368 0.14175 59005.752 -34585.25227
-6043 0.14338 59095.848 -202520.93939
-6331 0.14184 59125.87 -115209.70981
-5983 0.1424 58658.083 27955.09817
-5837 0.14466 58925.485 -244656.95065
-6305 0.14274 58893.167 -50855.9225500001
-5815 0.14545 59040.496 -310719.58886
-5576 0.14496 58786.509 -234384.00305
-6457 0.14165 59022.353 -25667.85133
-6118 0.14379 59159.03 -213821.1996
-6098 0.14363 59132.179 -217903.66695
-6637 0.1417 58943.418 17430.92213
-6069 0.14412 59082.832 -229357.01954
-6267 0.1423 59123.964 -139031.63047
-5585 0.14494 58789.365 -234725.37905
-5883 0.14309 58638.99 -25150.1758
-5758 0.14516 59019.824 -384500.70627
-6302 0.1427 58806.051 -17783.53575
-6040 0.14413 59073.705 -227532.57126
-6710 0.14042 59062.102 -5575.46536
-5853 0.14517 59050.172 -302092.93981
-5248 0.14659 58429.697 -983154.892469999
-5740 0.14556 58992.422 -333581.0469
-6025 0.14397 59039.384 -169596.03576
-5935 0.14545 58833.935 -200494.92841
-5693 0.14585 58957.264 -319635.0468
-6649 0.14103 59074.523 -30071.02264
-5827 0.14503 59060.299 -389944.72378
-5799 0.14485 58927.401 -248873.10538
-5734 0.14557 58980.168 -360708.56002
-5917 0.14452 59000.719 -183549.78669
-5780 0.14617 58953.371 -595783.34539
-6171 0.14271 58819.987 -18586.83564
-5943 0.14588 58993.384 -283106.72749
-6501 0.14274 59104.89 -91724.21417
-6329 0.14189 59115.483 -115181.65546
-5681 0.14576 58977.702 -312471.4233
-5733 0.14578 58967.044 -360899.23645
-6092 0.14401 59090.343 -176467.17753
-6472 0.14237 59169.332 -134184.94535
-5725 0.14511 59032.626 -343212.38362
-5901 0.14404 59120.036 -306420.75597
-5719 0.14592 58958.844 -320812.82213
-5921 0.14574 59015.893 -272597.38709
-6153 0.14201 58676.308 53474.28011
-5691 0.14558 58984.816 -366501.10723
-6451 0.14233 58986.915 -42181.60251
-6222 0.14258 59084.011 -123256.80824
-6331 0.14179 58941.502 -49882.02653
-6235 0.14419 59090.184 -194131.6332
-5819 0.14587 58955.25 -275489.28094
-5958 0.14411 59064.489 -245238.38657
-6861 0.14038 59094.199 -13485.20177
-6007 0.1427 58653.964 20795.4858
-5860 0.14525 58946.07 -243773.53905
-5733 0.14598 58903.357 -288112.70621
-6074 0.14457 59053.162 -185684.14447
-6008 0.14265 58654.152 18691.24654
-6023 0.14249 58727.731 33598.41256
-5857 0.14524 58905.679 -235252.55022
-6879 0.14159 59072.284 -1486.03086
-5826 0.14505 59053.243 -390526.09041
-6096 0.14207 58676.911 50451.49801
-5853 0.14282 58620.912 3952.40888999998
-6488 0.14216 59017.222 -22830.73592
-5840 0.14412 58689.126 -89479.6420999999
-5866 0.14304 58676.611 -8240.55537000003
-6857 0.14033 59101.783 -14599.84176
-5700 0.1456 58977.985 -396664.60177
-5559 0.14462 58774.113 -226562.11624
-5793 0.14481 59105.664 -265803.92921
-5229 0.14557 58641.78 -434756.3012
-6124 0.1442 58994.45 -162645.83876
-6855 0.14033 59099.942 -14425.55513
-5797 0.14367 58665.307 -78935.03203
-5237 0.14606 58622.937 -412461.10312
-5873 0.14331 58685.873 -53364.30276
-5248 0.14658 58436.43 -983779.503029999
-5818 0.14281 58644 -6502.44219000005
-6100 0.14477 59057.803 -227254.57178
-5997 0.1447 59003.685 -201515.75145
-6101 0.14455 59061.897 -239145.75518
-5687 0.14618 58930.461 -309639.58356
-5631 0.14641 58897.24 -576323.44413
-5799 0.14502 58990.944 -270681.0339
-6511 0.14226 59014.802 -32600.40525
-5752 0.14409 58636.871 -84665.9134099999
-6412 0.14248 59004.137 -47875.48896
-5805 0.14574 58921.911 -283093.77514
-6257 0.14351 59213.48 -195567.97967
-6652 0.14165 59039.584 -2102.85073
-5234 0.14597 58602.187 -420797.38652
-5262 0.14621 58591.129 -301602.30844
-6004 0.14259 58669.703 22270.75257
-5450 0.14632 58814.434 -334866.37832
-6313 0.14431 59058.287 -183425.17143
-5690 0.14622 58930.227 -311129.39732
-6331 0.14243 58912.017 -33453.66119
-6232 0.14416 59051.81 -157139.444
-5498 0.14622 58835.983 -332217.66698
-6329 0.14424 59041.913 -181589.19354
-5576 0.14528 58755.413 -212610.46346
-6297 0.14152 58914.415 -4565.41114
-5931 0.1455 59076.504 -316204.13581
-6138 0.14416 59117.292 -173613.23069
-6243 0.14388 59157.818 -216483.16775
-6296 0.14152 58914.347 -4879.40278000001
-5590 0.1459 58903.343 -605726.22131
-5389 0.14616 58717.724 -127850.37367
-5922 0.14527 59014.326 -265881.91326
-5459 0.14463 58721.365 -224161.11247
-6596 0.14199 59017.239 -32500.61624
-5830 0.14498 59067.233 -346017.92179
-5471 0.14535 58746.913 -245024.90468
-6122 0.14432 59061.366 -197677.15418
-5557 0.14567 58935.643 -310293.91643
-5819 0.14557 59026.201 -281608.21255
-5603 0.14521 58965.415 -549920.30169
-5498 0.14605 58859.706 -327514.47731
-5809 0.14543 59010.538 -270972.03088
-5324 0.14542 58626.277 -237699.59043
-5341 0.14611 58582.712 -244562.78678
-5636 0.14562 58950.985 -582975.69118
-6647 0.14303 59094.035 -98632.6138
-5479 0.14584 58881.573 -385114.60205
-5845 0.14399 58884.278 -154202.29923
-6031 0.1425 58653.411 23337.78472
-6737 0.14186 59071.126 -14658.04026
-5831 0.14563 59029.358 -275392.68105
-5357 0.14573 58569.327 -226544.96372
-5454 0.14581 58873.775 -393883.06448
-6219 0.14398 59077.492 -167088.05098
-5939 0.1451 59106.664 -292026.43184
-5508 0.14423 58634.905 -113880.22656
-5349 0.14562 58551.73 -222061.5119
-5829 0.14559 59026.308 -270242.98156
-5764 0.14452 58875.236 -184650.0925
-5592 0.14339 58589.817 -54821.9187399999
-6797 0.14064 59088.747 -21480.38095
-5929 0.14518 58984.721 -255382.90216
-5613 0.14636 58898.656 -570269.10465
-6272 0.14334 59025.754 -112409.03056
-5904 0.14256 58619.94 26822.81051
-5812 0.14559 59020.45 -282542.58613
-5645 0.14563 58897.719 -263796.49579
-5796 0.14352 58687.457 -61812.25756
-5545 0.14592 58876.985 -636196.81641
-5947 0.14328 58658.762 -28600.61293
-5523 0.14576 58736.137 -241371.15573
-5249 0.1466 58456.078 -931194.82121
-5874 0.14235 58717.362 38183.54649
-6423 0.14288 58996.376 -74292.45837
-5411 0.14649 58769.255 -455669.15031
-6751 0.14156 59052.229 2185.57958
-5730 0.14479 58980.728 -272091.91393
-5549 0.14525 58935.275 -545965.99385
-5778 0.14604 58960.763 -330488.74842
-5600 0.14632 58911.016 -481174.62097
-5851 0.14318 58544.743 -3588.84015000002
-5567 0.14552 58850.875 -245263.73813
-6264 0.14378 58991.372 -137694.37023
-6235 0.14426 59181.416 -224830.41235
-5934 0.14288 58617.088 9091.20126000002
-6601 0.14238 58989.815 -39736.15212
-6101 0.14375 59071.781 -155523.77228
-5835 0.14372 58659.096 -70180.35738
-5568 0.14558 58831.147 -251088.33959
-5724 0.14454 58977.077 -269231.55762
-5605 0.14565 58950.585 -558536.4555
-6875 0.1414 59078.776 -3720.67182
-5759 0.14557 58979.792 -273200.07189
-5804 0.1455 59021.366 -285561.93769
-6743 0.14162 59037.669 3022.2101
-5567 0.14587 58921.862 -568902.66412
-5715 0.14409 58671.526 -88742.1636699999
-6039 0.14244 58606.672 42512.40469
-6141 0.1423 58855.773 -5237.49665
-5757 0.14383 58568.412 -65066.22064
-5870 0.14391 58657.764 -58994.18947
-6760 0.1404 59087.492 -14310.00402
-6231 0.14427 59160.67 -229709.15125
-6304 0.14202 58914.281 -26361.38552
-6029 0.14211 58606.78 45676.71311
-6736 0.14161 59036.823 3429.28181
-5607 0.14561 58954.327 -558818.3679
-5638 0.14521 58971.122 -395580.50025
-5971 0.14484 59168.317 -272443.48944
-5634 0.14571 58951.157 -583717.20286
-5222 0.14585 58619.38 -503248.92403
-5589 0.14441 58589.639 -94974.4271799999
-5610 0.14562 58942.597 -554110.39761
-6672 0.1418 59146.541 -80188.0891
-5872 0.14393 58657.764 -60484.00323
-5640 0.14523 58966.087 -411931.11149
-5943 0.14567 59060.517 -293689.48871
-6421 0.1421 58988.982 -17806.55979
-5867 0.14231 58723.289 37052.31183
-6673 0.1417 59147.372 -79353.91141
-5871 0.14385 58662.036 -62150.64702
-5385 0.14683 58591.264 -877493.09397
-5799 0.14357 59037.315 -235280.07085
-6350 0.14251 58918.358 -37516.85997
-5597 0.14632 58907.186 -498730.17467
-5918 0.1449 59065.31 -287609.44623
-5960 0.14491 58966.802 -208394.36167
-6241 0.14346 59208.825 -194082.00127
-6683 0.14213 59035.676 -30279.12717
-6321 0.14219 58923.818 -10307.23691
-6180 0.14499 59041.277 -226643.99269
-5591 0.1456 58945.822 -555525.52532
-5533 0.1452 58934.476 -334853.5145
-5674 0.14502 58988.544 -516234.65298
-5755 0.1447 59070.603 -259702.18601
-6607 0.14056 58991.115 104.44497
-6106 0.1437 58960.646 -104413.61907
-5704 0.14411 58679.924 -92668.1411099999
-5269 0.14573 58648.054 -315074.50017
-5893 0.14499 59008.247 -213953.22163
-5726 0.14442 58985.103 -267045.42566
-6818 0.14255 59076.013 -67517.59374
-6693 0.1416 59060.97 -7871.98099
-5684 0.14654 58862.051 -655645.02443
-5387 0.14684 58590.182 -877042.83522
-5899 0.14326 58655.601 -18192.7036899999
-5528 0.14508 58934.842 -341709.96397
-6082 0.14192 58720.176 49020.09907
-6483 0.14259 59029.383 -69837.78486
-5413 0.1464 58799.957 -356723.23435
-5250 0.14656 58593.571 -480454.01782
-6146 0.1436 59158.027 -202980.18302
-5233 0.14647 58463.854 -998675.319219999
-5703 0.14366 58715.88 -85147.0275799998
-6021 0.14316 58677.114 -8568.70873999994
-5345 0.14523 58685.756 -239336.41526
-6574 0.14271 59024.854 -53905.45874
-5871 0.14314 58656.502 -27102.96431
-6681 0.14212 59035.853 -30517.77018
-5269 0.14573 58648.033 -314947.82832
-6573 0.14275 59022.791 -61783.56154
-5731 0.14575 58977.922 -397999.6258
-6128 0.14237 58740.921 12939.3031
-5323 0.14658 58605.379 -267883.24046
-5711 0.14587 58964.324 -316166.84026
-5768 0.14405 58995.686 -246565.11743
-5593 0.14645 58848.801 -626197.23743
-5708 0.14445 58906.954 -233908.01273
-6629 0.1416 58998.869 9273.89342
-6519 0.14248 59109.164 -72342.04467
-5638 0.1458 58963.051 -313249.09125
-5749 0.14593 58987.996 -314443.81483
-5602 0.1458 58939.624 -338314.74934
-6324 0.14194 58760.448 37582.00003
-5826 0.14518 59051.724 -302114.02266
-6214 0.14337 58990.181 -94507.93476
-6116 0.14203 58679.369 46228.05581
-5970 0.14534 59085.514 -283173.56134
-6238 0.14502 59014.904 -183140.53531
-5656 0.14609 58912.527 -292870.45011
-5826 0.14344 59041.308 -235753.0136
-5424 0.14641 58807.475 -346045.8633
-5947 0.14331 58793.879 -72415.6114700001
-5973 0.14254 58696.505 11244.38993
-5250 0.14664 58572.149 -482725.01158
-5575 0.1462 58857.859 -561565.50934
-6113 0.14286 58832.279 -33350.8487200001
-5916 0.14337 58771.653 -68638.5588000001
-5254 0.14627 58588.376 -329479.63559
-5254 0.14598 58639.492 -448409.96691
-5604 0.14538 58945.996 -569908.49201
-6047 0.14313 58783.122 -49357.3487100001
-6495 0.14251 58977.875 -54794.80738
-5226 0.14586 58609.417 -518493.48215
-6732 0.1416 59027.202 5320.77056
-5940 0.14295 58825.629 -39602.92696
-5231 0.14619 58574.051 -493358.17319
-5836 0.14507 59045.605 -298049.78916
-5694 0.14293 58706.059 -81234.31932
-5450 0.14617 58738.407 -265593.82255
-5568 0.14639 58847.954 -365490.2219
-6872 0.14166 59063.903 -386.02694
-5312 0.14673 58657.395 -727650.92812
-5254 0.14645 58624.992 -331510.1542
-5896 0.14312 58664.787 2929.16674
-5598 0.14638 58860.769 -591765.25745
-6213 0.14349 59032.988 -131625.14539
-5262 0.14657 58631.803 -698525.04927
-6116 0.14206 58679.413 45762.56582
-6533 0.14303 59049.707 -93171.3314000001
-5591 0.14637 58865.966 -558493.54581
-5696 0.14286 58766.177 -66711.77254
-5337 0.14671 58667.794 -683502.02121
-5774 0.14568 59014.486 -456402.83341
-6794 0.14042 59102.727 -44608.65699
-5313 0.14622 58738.9 -283652.83586
-5735 0.1428 58816.296 -72720.00504
-5937 0.14309 58708.79 -33934.29568
-5271 0.14661 58639.769 -690153.37866
-5250 0.14656 58599.185 -490348.35594
-5721 0.14651 58887.22 -472677.25611
-5258 0.14601 58635.564 -385373.10464
-5587 0.14609 58901.225 -543100.65267
-6248 0.14349 59208.555 -195075.48848
-5939 0.14516 59103.9 -301517.98511
-6472 0.14242 59180.965 -136745.18782
-6798 0.14049 59102.496 -46098.47075
-5953 0.14547 59053.752 -279965.25756
-5690 0.14649 58847.156 -461442.09095
-5752 0.14276 58828.07 -74444.56312
-5552 0.14548 58922.727 -343898.51493
-5221.7 0.14521 58556.584 -828784.56993
-5455 0.14657 58769.672 -787807.99357
-5587 0.14626 58882.439 -542196.57662
-6171 0.14293 58764.919 -8277.74109999998
-6830 0.14191 59069.404 -15706.91944
-5549 0.14547 58731.569 -223546.6238
-5862 0.14377 58612.042 -32836.6255
-6230 0.14478 58992.275 -185440.28211
-5844 0.14372 58636.931 -64057.85135
-6226 0.14388 59139.429 -221064.21384
-5457 0.14663 58763.624 -807249.96585
-5337 0.1467 58667.508 -683070.96756
-5943 0.14373 58934.061 -154223.68836
-5255 0.14649 58576.255 -437693.85177
-5625 0.14633 58892.724 -526698.20147
-5806 0.14552 58994.915 -330580.56527
-5249 0.14675 58463.737 -982791.296299999
-5230 0.14606 58579.251 -634718.60465
-6292 0.14198 58759.69 44291.67481
-5737 0.14282 58816.296 -74209.8188
-5251 0.14664 58575.689 -751437.08062
-5402 0.14573 58727.54 -243445.28949
-6348 0.14257 59088.395 -116477.17927
-5467 0.14516 58807.765 -252814.87215
-5250 0.14601 58640.279 -469280.1038
-5469 0.14553 58778.699 -259883.6166
-5416 0.14564 58849.412 -582465.13285
-6865 0.14046 59094.619 -13041.53376
-5514 0.14628 58810.852 -328461.26662
-5234 0.14535 58674.72 -552559.18289
-6281 0.14192 58754.312 45116.69463
-5582 0.14625 58855.416 -568346.14896
-5845 0.14608 58976.191 -302751.5094
-5254 0.14675 58454.733 -980783.785819999
-5766 0.14274 58685.141 -40661.76918
-6195 0.14335 58906.919 -83490.3977000001
-5885 0.1436 58978.553 -168606.19836
-6755 0.14056 59080.307 -11170.0796
-5926 0.14595 58943.977 -285654.58142
-6011 0.14305 58710.866 -55235.90639
-6602 0.14109 59156.781 -56250.46374
-5292 0.14548 58753.434 -714665.05404
-5559 0.14437 58758.891 -221970.73643
-5809 0.14284 58762.347 -29293.4898100001
-5931 0.14493 59090.301 -334053.69707
-5803 0.14285 58644.371 -23914.9065000001
-5436 0.14632 58833.051 -379376.71138
-5928 0.14237 58691.379 23865.46973
-5566 0.14598 58877.983 -590432.41374
-6487 0.14148 59075.94 -49470.86042
-5344 0.14641 58731.475 -308016.51048
-5252 0.14654 58600.86 -447862.13852
-5550 0.14544 58740.331 -230247.64234
-5895 0.14279 58657.793 5558.91976000002
-5687 0.14624 58922.083 -474992.54736
-5584 0.14626 58855.183 -569835.96272
-6583 0.1406 59026.438 -37477.07937
-5251 0.1465 58595.348 -488075.86017
-5999 0.14242 58699.112 21476.72595
-5477 0.14482 58846.792 -236149.9183
-5235 0.14601 58612.591 -447234.48582
-5773 0.14319 58663.891 -60548.9724
-6000 0.14248 58696.955 25641.80265
-6221 0.14226 58889.035 -8957.38015
-5238 0.14595 58619.057 -298055.57452
-5828 0.14646 58933.487 -326435.01803
-5626 0.14576 58872.742 -291207.68165
-5263 0.14664 58613.069 -751540.84917
-5803 0.14294 58635.411 -21811.9078600001
-5231 0.14567 58622.164 -563602.82009
-5451 0.14648 58775.562 -811113.94988
-5641 0.14466 58670.35 -84876.48653
-5260 0.14615 58642.147 -278655.52947
-5387 0.1468 58688.233 -820606.95108
-5220.9 0.14519 58556.703 -827183.60311
-5550 0.14618 58863.714 -315937.25553
-5862 0.1455 59074.687 -306894.72656
-5963 0.14291 58699.848 -3207.44229999997
-5456 0.14659 58769.505 -790974.83105
-5952 0.14299 58858.482 -88545.6447600001
-5998 0.14266 58724.648 16664.94776
-5247 0.14656 58434.038 -991146.23745
-5254 0.14673 58448.481 -979798.381129999
-5429 0.14598 58846.211 -361490.49796
-5274 0.14663 58579.585 -483302.89992
-6822 0.14159 59055.8 525.13313
-5525 0.14539 58766.778 -253020.49471
-5264 0.14643 58607.199 -287193.92385
-5251 0.14662 58610.195 -690057.98416
-5272 0.14569 58680.093 -258990.91315
-5947 0.14491 59131.978 -322159.91613
-5260 0.14624 58596.368 -309482.45882
-5806 0.14607 58962.868 -437788.12939
-6082 0.14236 58844.258 5875.13382999999
-5535 0.14537 58860.908 -278356.57427
-5262 0.14626 58619.513 -307568.4011
-5780 0.14291 58666.815 -72939.42879
-5963 0.14288 58712.838 -6875.86020999996
-5811 0.14608 58958.07 -472546.84709
-5281 0.14651 58605.022 -489067.43015
-5352 0.14489 58711.612 -221356.95235
-5817 0.14658 58939.069 -335425.59613
-5435 0.14601 58872.388 -349864.43146
-5958 0.1431 58699.97 -22164.35281
-5271 0.14636 58574.5 -251379.74227
-5999 0.14267 58724.648 15175.134
-5734 0.14344 58724.235 -80605.78538
-5254 0.14567 58666.623 -274631.97291
-5412 0.14572 58848.81 -556241.8766
-5797 0.14568 58999.412 -354977.65238
-5278 0.14565 58725.443 -499986.5335
-5797 0.14616 58949.41 -431520.99679
-6843 0.14208 59074.384 -55736.10236
-5225 0.14602 58423.285 -1001882.34283
-5331 0.14602 58803.325 -341372.76798
-5394 0.14661 58742.244 -797812.39783
-5247 0.14647 58442.005 -991931.90355
-5278 0.14566 58725.255 -497723.29063
-5698 0.14287 58756.326 -64252.67902
-5940 0.14526 59089.128 -300158.94388
-5552 0.14466 58952.774 -389137.44555
-5811 0.14608 58952.529 -471598.6887
-5484 0.14478 58748.556 -232274.678
-5258 0.14631 58631.436 -372772.87083
-5293 0.14597 58688.036 -323383.69491
-5282 0.14637 58616.986 -298497.77661
-6271 0.14435 59009.527 -161064.9443
-6152 0.14178 58675.308 53640.75461
-6074 0.14362 58714.385 -67196.83063
-6050 0.14185 58832.545 12284.96707
-6216 0.14418 58930.546 -137610.47565
-5373 0.14544 58847.12 -334859.44468
-5323 0.14639 58717.815 -377758.3069
-5885 0.14352 58770.473 -58107.78367
-5297 0.14645 58619.256 -288627.83395
-6858 0.14053 59093.474 -12928.14485
-5466 0.145 58767.415 -249606.06571
-5392 0.14622 58562.725 -237085.74387
-5452 0.14673 58741.162 -811423.80586
-5813 0.14285 58757.338 -28937.0520500001
-6620 0.14248 58882.95 6890.86394000001
-6269 0.14437 59015.977 -161864.87012
-5817 0.14627 58946.05 -316055.48198
-5454 0.14659 58761.193 -788964.9416
-5989 0.1436 59022.517 -163052.44522
-5371 0.1465 58725.139 -504614.77237
-5819 0.14279 58758.149 -28699.4365000001
-6856 0.1404 59092.619 -14683.81615
-5944 0.14425 58704.813 -88866.9720399999
-5435 0.14593 58871.395 -348799.98827
-5415 0.14573 58848.566 -557731.69036
-5612 0.14646 58869.719 -300680.61014
-5701 0.14368 58964.576 -151355.09278
-5346 0.14496 58703.661 -220659.13859
-5302 0.14642 58626.445 -283194.91652
-5333 0.14531 58833.634 -391803.19813
-5453 0.14658 58756.672 -809250.43618
-5257 0.14635 58609.693 -316660.46399
-6510 0.14182 59177.708 -90788.17848
-5763 0.1438 58799.001 -87609.7733
-6323 0.14218 59186.862 -132166.81302
-5232 0.14567 58624.801 -461105.09313
-5378 0.14504 58743.033 -224917.41443
-6138 0.14178 58840.301 17141.99045
-5324 0.14495 58687.769 -231657.79887
-6854 0.1399 59092.644 -25302.67099
-6153 0.1418 58695.909 51180.60817
-6566 0.14062 59011.208 -2378.33812
-5784 0.14364 58797.341 -74287.2464899999
-5331 0.14547 58831.374 -391541.34186
-5225 0.14564 58633.877 -475225.60221
-5282 0.14649 58625.924 -303230.55146
-5768 0.14388 58788.348 -92479.36046
-5393 0.14623 58572.603 -239964.94181
-5289 0.14624 58634.132 -310255.73251
-6025 0.14163 58728.278 7494.52613
-5395 0.14665 58740.088 -796527.15139
-5253 0.14639 58617.4 -455597.12054
-5792 0.14639 58945.527 -353277.98614
-6841 0.14039 59091.489 -13302.48876
-5398 0.14521 58887.132 -397337.94832
-5368 0.14493 58777.686 -243026.03958
-5342 0.14559 58816.359 -387810.77913
-5429 0.1454 58916.093 -347929.01376
-6324 0.14131 58966.004 -36661.12011
-6229 0.14188 58840.232 32336.92544
-5329 0.1465 58705.785 -274066.64955
-6519 0.1418 58913.594 18778.65697
-6193 0.14383 59123.585 -199389.31639
-5427 0.14612 58823.701 -359295.35099
-5254 0.14608 58632.594 -434884.37794
-5433 0.14622 58824.961 -381323.72571
-6140 0.1424 58731.539 28773.36036
-6370 0.1414 58966.197 -34415.31506
-5898 0.14302 58931.334 -140669.40188
-6038 0.14434 58953.12 -150192.42485
-6195 0.14408 59120.191 -215576.98835
-5816 0.14607 58972.503 -318415.46484
-5242 0.14613 58634.876 -653678.16779
-6253 0.1435 59218.453 -188175.11846
-5247 0.14628 58616.46 -737029.03478
-5820 0.1452 58908.168 -228328.69843
-5231 0.14608 58585.443 -532063.8312
-6662 0.14186 59034.86 -9772.91071
-6509 0.14187 58900.102 20060.82401
-5569 0.14611 58872.241 -399136.83366
-6220 0.14315 58935.982 -87823.1020000001
-5278 0.14611 58674.28 -317535.54606
-5966 0.14531 59108.613 -290660.17001
-6759 0.14202 59064.073 -46496.5577
-5274 0.14586 58611.43 -266933.75081
-6456 0.14151 59077.186 -50848.61017
-6251 0.14324 58873.885 -75030.2319700001
-5254 0.1461 58629.36 -456892.66927
-5366 0.14651 58743.837 -509146.18404
-5232 0.14603 58599.316 -632828.89844
-5230 0.14605 58587.656 -554499.69561
-6150 0.14201 58674.014 52595.66912
-5309 0.14605 58615.542 -237738.23018
-5397 0.14655 58758.433 -794488.78639
-5560 0.14591 58873.263 -407020.10487
-6399 0.14191 58804.546 36324.3674
-6440 0.14175 58891.906 13275.03094
-5227 0.14632 58416.105 -993358.630649999
-5995 0.14526 59119.635 -269667.07706
-5363 0.14677 58610.905 -752597.62963
-5690 0.14633 58895.262 -332429.52446
-5551 0.14523 58719.034 -210053.20396
-5231 0.14635 58586.903 -552902.57827
-5693 0.14502 58957.006 -288702.03369
-6225 0.14275 58847.773 -30810.16737
-6154 0.14212 58659.668 52068.40367
-5253 0.14662 58585.522 -539738.81508
-6216 0.14275 58849.529 -39623.22495
-6498 0.14242 58914.395 -11802.18089
-5236 0.14537 58660.702 -448571.27429
-5569 0.14603 58893.304 -395999.09373
-5523 0.14639 58829.43 -409517.06899
-6470 0.14294 59178.767 -174043.70046
-5971 0.1457 59059.985 -283983.38213
-6470 0.143 58958.594 -71774.56013
-6703 0.14166 59015.577 6834.15936
-5668 0.14557 58971.099 -307669.28134
-5527 0.14488 58810.839 -238560.81433
-5282 0.14682 58601.803 -695782.90493
-5610 0.14627 58849.484 -338872.96194
-5250 0.14662 58584.78 -542665.96392
-6534 0.14286 59178.096 -164567.61819
-6066 0.14426 58969.91 -152528.56565
-5452 0.14536 58878.233 -328172.24917
-6498 0.14239 58915.946 -12051.32798
-5279 0.14673 58595.746 -730919.33282
-5287 0.1452 58685.513 -303164.95709
-5564 0.14602 58871.718 -387765.17776
-5572 0.14604 58893.07 -397488.90749
-6256 0.14196 58812.073 34652.28354
-6138 0.14345 59217.476 -189115.4912
-5530 0.14666 58745.383 -836722.55737
-6652 0.14032 59078.493 -21302.00433
-6853 0.14159 59078.817 -6854.50026
-6208 0.14313 58848.059 -53488.30371
-6219 0.14327 58869.772 -62913.88633
-5731 0.14507 58971.529 -278016.29208
-5277 0.14671 58605.216 -701282.84705
-5265 0.14639 58634.306 -525493.07251
-5564 0.1458 58895.248 -396136.74334
-6866 0.14054 59091.049 -12415.3909
-6353 0.14193 58830.81 24881.5315
-5321 0.14645 58679.014 -428998.56382
-5971 0.14546 59094.497 -266753.40395
-6664 0.142 59054.194 -30278.499
-6070 0.14408 59126.218 -224859.52671
-5527 0.14661 58743.052 -662108.2959
-6167 0.14303 59097.556 -170578.41322
-5530 0.14655 58782.216 -828536.6431
-6385 0.1447 59077.69 -187626.66578
-5927 0.1442 58758.517 -90688.18247
-5601 0.14539 58873.005 -93475.24198
-6234 0.14468 59079.476 -200828.43874
-6750 0.14204 59062.719 -46168.75259
-6023 0.14259 58708.553 17018.18725
-5801 0.14637 58933.879 -301283.33511
-5265 0.14598 58673.903 -421021.80177
-5328 0.14673 58635.474 -699753.89002
-5788 0.14617 58937.193 -322800.04046
-5971 0.1455 59095.553 -400671.12815
-5765 0.14561 58983.748 -254252.38991
-5929 0.14268 58756.562 -12972.74676
-6234 0.14468 59079.476 -200828.43874
-6700 0.14214 59064.279 -46775.64314
-6166 0.1449 59040.62 -223758.61204
-6021 0.14265 58708.718 16820.48002
-6254 0.14187 58811.019 33775.07055
-6253 0.14346 59218.951 -187964.90078
-5271 0.14678 58458.84 -922627.96501
-6326 0.14368 59061.806 -153750.16144
-5346 0.14647 58732.842 -492445.07436
-5262 0.14661 58628.458 -531059.85725
-5266 0.14614 58666.052 -506284.451
-6048 0.14534 59081.044 -248017.11818
-6182 0.14246 58861.171 -20464.64577
-5744 0.14385 59013.651 -196470.22314
-5249 0.14665 58416.796 -978206.302799999
-5548 0.14662 58747.751 -709152.93152
-6053 0.14354 59131.733 -176063.8552
-5648 0.14634 58906.525 -367445.79908
-5228 0.14619 58575.219 -592194.35918
-5537 0.14553 58766.898 -243680.13828
-5279 0.14681 58592.582 -733134.3571
-5704 0.14571 58962.186 -263901.69847
-6111 0.14201 58733.76 46113.45215
-5229 0.14594 58602.675 -548923.85313
-6269 0.1401 58915.118 1186.38003
-6226 0.14403 59024.358 -163545.60609
-6125 0.14261 58904.011 -32482.5130300001
-5629 0.14613 58847.542 -285795.69118
-5631 0.14508 58966.057 -316625.88338
-6532 0.14233 59129.251 -57368.64096
-6365 0.14066 58990.895 -50410.87168
-6228 0.14342 59190.488 -182979.43526
-6577 0.14246 59037.46 -45054.52791
-6493 0.14179 59170.577 -95062.06182
-5957 0.14484 59026.354 -258534.50318
-5951 0.1426 58695.751 12656.88811
-5231 0.14599 58595.79 -583983.41186
-6587 0.14233 59135.295 -59402.07069
-5997 0.14414 58960.357 -152506.80184
-6140 0.14263 58903.893 -35466.2147900001
-6135 0.14256 59074.551 -63287.08228
-6486 0.14141 59171.364 -97795.86675
-5262 0.14661 58627.224 -526773.81847
-6222 0.14458 59026.474 -173303.57577
-5244 0.14626 58650.818 -543443.82762
-6880 0.14159 59060.124 1573.01278
-6076 0.14291 59036.603 -86896.59299
-6060 0.14335 58974.84 -119919.25035
-6048 0.14307 58857.768 -63463.32114
-5225 0.14604 58417.899 -994243.018059999
-5229 0.14626 58579.216 -557312.57326
-6050 0.14181 58883.505 -58004.93741
-5990 0.14243 58740.216 5237.23584999998
-5816 0.14655 58821.297 -902982.14043
-6079 0.14304 58862.499 -64984.7191700001
-6058 0.14263 58913.977 -38896.3649300001
-5522 0.14471 58735.323 -176123.89392
-5263 0.14675 58419.704 -920930.93636
-6695 0.1419 59033.436 -13579.75049
-5990 0.14343 58837.937 -75487.93988
-6297 0.14289 59076.345 -95246.6606800001
-5233 0.14566 58671.361 -573398.74349
-5263 0.14658 58636.549 -529028.38138
-5521 0.14654 58772.513 -822430.12066
-6162 0.14492 59046.334 -227053.35177
-6104 0.14353 58832.544 -86451.5501299999
-5969 0.14422 59170.36 -342948.88181
-6053 0.14354 59007.883 -123586.18912
-5228 0.14643 58450.92 -901371.76445
-6837 0.14173 59045.649 2782.9212
-6207 0.14386 59012.039 -144266.33383
-5955 0.14484 59022.245 -266127.9724
-5363 0.14654 58690.069 -523727.12584
-6419 0.14229 59142.155 -70174.4075900001
-5233 0.14545 58691.899 -575626.94926
-5681 0.14575 58807.538 -237326.5293
-5852 0.14466 59033.642 -257342.15269
-6711 0.14166 59015.854 7120.12543
-6367 0.14182 58882.036 20734.35438
-5812 0.146 58968.916 -382346.13564
-5609 0.14447 58947.339 -295793.0986
-6225 0.14236 59069.394 -55111.1641600001
-5265 0.14663 58637.777 -529107.87371
-6099 0.14355 59169.483 -219401.14752
-6106 0.14499 59023.76 -221882.77443
-5531 0.14658 58786.406 -823853.13734
-6348 0.14391 59016.832 -140576.54156
-6159 0.14275 58943.257 -58550.5781000001
-5584 0.14662 58798.597 -722413.52149
-5718 0.14412 58959.747 -239063.86249
-5953 0.14497 59128.29 -336068.27238
-5218.8 0.1456 58469.277 -959850.736359999
-6142 0.1423 58668.963 45744.4364
-6365 0.14313 59088.134 -108342.32395
-5703 0.14371 59032.116 -205416.09642
-6339 0.14243 59080.936 -78114.25038
-5248 0.14663 58413.459 -985510.33281
-6146 0.14248 58735.626 32222.45464
-5817 0.14663 58821.064 -904471.95419
-5666 0.14543 58871.75 -242026.48841
-6082 0.14339 58841.228 -87561.49693
-5728 0.14607 58806.461 -253755.434
-5308 0.14675 58655.013 -700448.21713
-5798 0.1463 58943.773 -352109.59205
-6667 0.14035 59091.85 -26784.20451
-5294 0.14668 58616.739 -556708.50353
-5248 0.14659 58409.766 -978694.124489999
-5567 0.14659 58796.2 -684619.47404
-5263 0.14622 58648.853 -526157.95781
-6327 0.14238 58829.849 13071.94281
-5479 0.14509 58886.674 -337859.86935
-6135 0.14233 58671.507 43662.50798
-6075 0.14263 58914.556 -35781.1534600001
-5809 0.14562 59013.234 -280408.99818
-5915 0.14526 59021.751 -262609.94533
-6000 0.14415 58983.413 -147960.57805
-5641 0.14596 58917.669 -426840.37357
-5611 0.14632 58891.725 -407000.49052
-6301 0.14235 58784.395 20400.57791
-5357 0.14582 58793.508 -287970.50691
-6397 0.14304 59097.909 -103969.05453
-6101 0.14354 58847.469 -89734.4469999999
-6234 0.14246 59059.792 -50414.6984000001
-5821 0.14634 58964.429 -310369.99396
-6119 0.14483 59024.684 -199439.31468
-6572 0.1427 59008.068 -67337.84461
-5928 0.1426 58860.589 -22417.6465200001
-5538 0.14581 58888.701 -488891.1268
-5469 0.14666 58738.931 -529624.37556
-5254 0.14655 58601.204 -574521.23864
-6400 0.1423 58865.619 9491.85573
-5346 0.14578 58798.648 -298257.12783
-5874 0.14531 58973.32 -252184.41503
-6132 0.14239 58683.912 36815.07335
-5266 0.14656 58649.046 -504607.32963
-6095 0.14494 59029.876 -222785.70612
-6345 0.14268 59043.276 -86777.94882
-6030 0.14526 59029.124 -238067.68383
-6851 0.14172 59084.092 -18728.23923
-5792 0.14598 58978.039 -379840.71975
-5291 0.14577 58616.489 -262173.99585
-6594 0.14219 59055.334 -46506.65946
-5487 0.14541 58860.188 -328983.52569
-5601 0.14627 58882.145 -407926.04031
-6397 0.14307 59100.825 -105411.41181
-5722 0.14478 59062.641 -315294.26495
-6106 0.14484 59021.239 -199021.89516
-5325 0.14665 58681.33 -575889.06942
-6115 0.14433 59173.519 -246812.70966
-6442 0.14228 59012.812 -40602.30985
-6108 0.14242 58735.706 22991.70673
-6079 0.14474 59059.081 -237738.10019
-5415 0.14586 58806.936 -271236.07318
-5352 0.14571 58754.735 -290954.82625
-5321 0.14534 58671.167 -238923.1729
-6259 0.14362 59181.853 -195582.98804
-5496 0.14573 58863.27 -311559.22607
-5376 0.14571 58645.694 -211616.50644
-6434 0.14259 58982.298 -55205.433
-6238 0.14358 59039.21 -139408.51442
-5767 0.14558 58907.89 -242467.29898
-5314 0.14622 58621.673 -260220.64473
-6360 0.14196 58867.298 -708.462869999996
-6092 0.14363 59016.501 -125134.96447
-5541 0.14649 58804.75 -498567.34203
-5929 0.14515 58979.482 -228866.41752
-6134 0.14359 59186.358 -183474.22942
-6065 0.14192 58777.156 41376.18378
-6026 0.144 58968.542 -147827.1672
-5800 0.14521 59030.072 -400180.74197
-5544 0.14563 58918.966 -288856.42105
-5733 0.1457 58979.535 -326563.53022
-5385 0.14578 58820.24 -525670.46606
-6609 0.14193 59012.59 -8593.36929
-5917 0.1432 58701.473 -43895.72502
-5525 0.14653 58820.5 -503016.25893
-6021 0.14453 58956.156 -155301.60878
-6047 0.14212 58794.869 22647.94455
-5955 0.14427 58741.381 -89333.3921099999
-5973 0.14237 58791.756 7451.78886
-5904 0.14518 58950.672 -223715.40289
-5531 0.14655 58788.577 -789386.84683
-5350 0.14647 58767.432 -348169.30362
-5393 0.14663 58686.242 -439956.9991
-6264 0.14287 59208.488 -175719.51444
-5543 0.1467 58766.459 -716479.87587
-5523 0.14645 58823.667 -500425.55656
-5769 0.14602 58821.638 -249945.32607
-5387 0.14589 58831.451 -520951.28241
-5340 0.14631 58770.631 -646192.35354
-5415 0.1458 58806.97 -271579.85257
-6299 0.14254 58769.67 15732.95453
-5311 0.14606 58713.214 -328707.02264
-5341 0.1462 58782.526 -638264.14306
-5541 0.14661 58804.834 -707315.32608
-5345 0.14611 58759.952 -357488.82552
-5769 0.14556 58905.731 -238302.22228
-6156 0.14414 58941.18 -122650.01398
-5524 0.1464 58829.078 -500273.54872
-6069 0.14425 59030.174 -199583.77811
-5816 0.14616 58951.519 -396802.89497
-5653 0.14613 58913.365 -379060.8119
-5352 0.14565 58816.213 -626115.7322
-5350 0.14547 58813.08 -364715.25478
-5347 0.14618 58781.767 -611286.06992
-5360 0.14587 58640.714 -223425.69489
-5526 0.14641 58818.752 -495695.71073
-6458 0.14051 59032.694 -20312.79579
-5677 0.1459 58798.07 -243199.02032
-5381 0.14576 58835.671 -527837.92724
-5597 0.14624 58911.48 -305096.34987
-6261 0.14304 59213.784 -182238.20888
-5393 0.14555 58857.165 -298055.5031
-5655 0.14602 58924.212 -427957.90957
-6083 0.1435 58887.636 -96561.0051099999
-6566 0.14213 59029.679 -47587.68603
-5399 0.14657 58746.611 -536159.13265
-5539 0.14584 58888.319 -487830.77119
-6248 0.14085 58861.928 22992.4244
-5534 0.14636 58839.391 -306976.94638
-5356 0.14556 58704.623 -219808.72162
-5739 0.14512 59042.968 -349132.28683
-5699 0.14584 58958.137 -324251.43437
-5759 0.14308 58608.988 -64524.70711
-5226 0.14623 58435.413 -893465.04186
-5642 0.14644 58886.905 -388591.70905
-5811 0.14628 58951.608 -399266.31982
-5747 0.14334 58753.742 -75423.3909899999
-6047 0.14216 58789.702 21820.71099
-5560 0.14614 58869.832 -294511.34445
-6029 0.14327 58992.476 -158910.39367
-5466 0.14496 58726.987 -151969.01445
-5811 0.14331 58543.86 -37192.40264
-5290 0.14607 58615.88 -276419.78704
-6301 0.1425 58760.418 26114.38522
-6856 0.14153 59069.229 -342.32188
-6069 0.14416 59033.297 -194316.16586
-5556 0.14616 58859.32 -293006.49486
-6613 0.14164 58984.621 7888.80829
-5326 0.14637 58705.024 -261197.66357
-6217 0.14344 58862.552 -81517.8406599999
-5814 0.14605 58984.515 -314107.31541
-5803 0.14341 58553.159 -38791.11746
-6081 0.14358 59089.944 -162283.26831
-6876 0.14166 59073.339 -1995.12989
-5354 0.1462 58644.283 -235078.24716
-5809 0.14625 58949.077 -399271.04886
-5336 0.14635 58738.093 -669429.01788
-5540 0.14541 58926.843 -292733.17691
-6634 0.14176 58999.635 8355.18325
-5775 0.14345 58666.078 -64394.76685
-5623 0.14648 58874.444 -381392.46502
-6429 0.14047 59023.091 -18778.92046
-5325 0.14648 58658.166 -345652.17212
-5634 0.1459 58928.611 -426475.86882
-5242 0.1455 58677.14 -585276.11545
-5347 0.14642 58733.453 -636313.87883
-6053 0.1419 58783.014 39856.92193
-5303 0.14608 58711.788 -278347.33846
-6362 0.14285 58951.414 -44432.13748
-5359 0.14558 58695.157 -217291.72114
-6361 0.14323 59160.075 -120678.28461
-5226 0.14626 58472.4 -904991.42526
-5658 0.14631 58891.374 -272018.22456
-5593 0.14593 58902.945 -302451.21331
-5316 0.14625 58709.037 -263342.46469
-5353 0.14554 58715.708 -222222.22597
-5810 0.14583 59006.769 -297049.09796
-5330 0.14587 58641.74 -243045.47973
-5402 0.14589 58810.053 -311903.28893
-5386 0.146 58820.157 -325728.4168
-5243 0.14572 58692.269 -582090.06955
-6208 0.14408 59029.415 -168356.05758
-6290 0.14303 58963.707 -90153.9035200001
-5256 0.14569 58746.552 -514461.58928
-5727 0.14646 58947.187 -388803.30677
-6348 0.14241 58964.882 -45674.66314
-5747 0.14534 59019.467 -341001.91295
-6285 0.1432 59208.447 -174087.8641
-5525 0.14579 58906.364 -304053.80981
-5553 0.14662 58782.061 -499905.70686
-5344 0.14613 58776.531 -362369.83287
-5655 0.14554 58979.391 -409892.61483
-5959 0.14514 59079.687 -275059.97048
-5722 0.14648 58942.281 -390205.93763
-5321 0.14593 58647.276 -243202.57055
-5724 0.14557 58817.056 -224734.14188
-5522 0.14594 58854.217 -320212.84979
-5300 0.1464 58702.625 -274275.87788
-6320 0.14252 58782.894 12522.34533
-5535 0.14586 58875.524 -449090.23694
-5734 0.14581 58972.995 -364751.09845
-6566 0.14116 59136.999 -51346.87525
-5264 0.14655 58592.282 -465312.35978
-5860 0.1459 58992.161 -286551.44744
-5587 0.14628 58860.919 -397121.62661
-5328 0.14605 58736.237 -250021.66751
-6610 0.14049 59100.629 -37486.85772
-6453 0.14306 59089.746 -103783.90782
-5934 0.14497 58982.336 -211227.72323
-5839 0.1451 59033.072 -268982.76846
-5354 0.1462 58640.794 -232052.75541
-6218 0.1427 58786.977 -15385.65297
-5525 0.14611 58864.956 -302666.8003
-5342 0.14675 58728.46 -613562.81559
-5350 0.1465 58715.758 -600968.71786
-5277 0.14642 58694.548 -528706.73162
-5490 0.14651 58733.6 -280684.51118
-5483 0.14649 58804.233 -432860.65386
-6607 0.14053 59095.196 -36816.55457
-6028 0.14318 58992.548 -159662.76999
-5283 0.14577 58753.137 -511148.62881
-6217 0.14208 58850.418 14594.67442
-5284 0.14584 58725.703 -537406.30037
-6213 0.14382 59021.607 -148422.68657
-5326 0.14645 58709.652 -262265.96799
-6246 0.14293 59201.188 -182263.92277
-5609 0.14645 58882.815 -378329.82748
-5923 0.14288 58616.914 5221.09329999999
-6753 0.14178 59048.279 -12901.12769
-5937 0.14315 58660.734 -24446.9827
-6179 0.14151 58950.04 -31419.68128
-6079 0.14262 58669.901 28133.48045
-6222 0.14267 58790.442 -15896.94158
-5280 0.14652 58690.146 -495880.68373
-5290 0.14583 58727.907 -537484.49598
-5898 0.14325 58630.791 -38604.48369
-5322 0.14625 58615.426 -246536.59059
-5299 0.1463 58605.11 -257798.12345
-6105 0.14506 59107.109 -253745.75732
-5968 0.14509 59084.522 -270181.52921
-5928 0.14504 58961.993 -210848.74967
-5282 0.14653 58676.184 -489168.74841
-5296 0.1462 58636.659 -285720.39404
-5273 0.14639 58686.11 -525817.07201
-5585 0.14547 58895.105 -276179.07408
-6581 0.14277 59047.031 -69948.98618
-5279 0.14669 58669.909 -557777.76269
-5255 0.14616 58687.187 -539785.32429
-5742 0.145 58974.403 -262527.9416
-5864 0.14543 58958.947 -246464.63112
-6399 0.14046 58997.022 -14674.37007
-5675 0.14618 58932.879 -327593.99377
-5944 0.14495 58990.482 -211693.16623
-6164 0.14492 59037.217 -221759.83337
-5259 0.14617 58682.404 -561641.15371
-5270 0.14633 58712.955 -353456.73945
-6281 0.14373 58951.982 -105396.61144
-5355 0.14664 58730.722 -607758.1865
-6075 0.14198 58673.954 55170.79019
-5278 0.14654 58701.925 -547842.21162
-5271 0.14626 58725.205 -349443.02028
-5934 0.14328 58632.518 -41901.50591
-5855 0.14297 58622.733 -15878.47457
-6174 0.14079 58858.578 21346.98375
-5513 0.14514 58755.158 -202952.15201
-5302 0.14585 58731.785 -504099.13331
-5271 0.14634 58719.762 -379602.88906
-6262 0.14059 58863.079 9967.36922
-5675 0.14602 58931.507 -326125.38439
-5977 0.14463 59127.642 -258847.71154
-5280 0.14666 58657.705 -556232.95742
-5268 0.14619 58679.425 -346413.49073
-6414 0.1419 58845.201 28619.00312
-5667 0.14614 58913.409 -495786.8118
-5546 0.14424 58900.338 -213597.2288
-5890 0.14454 59030.474 -228644.14698
-5260 0.14607 58672.616 -365556.47632
-5247 0.14618 58673.01 -578482.00727
-5761 0.14589 58958.716 -295761.32112
-6870 0.14045 59101.722 -12385.57175
-5920 0.14537 58965.271 -249505.03382
-5274 0.14613 58673.787 -345764.98369
-5285 0.1461 58724.255 -332519.39329
-5837 0.14435 58984.121 -222984.79693
-5892 0.14557 58944.307 -247132.62968
-6078 0.14201 58710.545 48610.26909
-6858 0.14167 59070.843 -5918.51793
-5337 0.14634 58741.516 -663405.57527
-6706 0.14163 59020.002 5068.43007
-6263 0.14066 58869.782 12562.23108
-5229 0.14629 58576.388 -502305.73117
-6614 0.14176 59068.892 -18279.91057
-5261 0.14602 58677.441 -484427.62435
-6630 0.14166 58937.619 17873.49255
-5251 0.14549 58727.421 -559419.96897
-5365 0.14586 58647.117 -229786.58975
-5287 0.14577 58734.548 -340654.08977
-5975 0.14315 58733.82 -56203.50463
-5637 0.14588 58847.467 -258988.74295
-5638 0.14449 58876.004 -240404.85381
-5248 0.14585 58715.086 -361451.16372
-6211 0.14199 58756.121 41464.55352
-5878 0.14501 59008.016 -220547.6456
-5306 0.1457 58762.402 -587656.95769
-5282 0.14642 58684.311 -462328.19236
-5262 0.14593 58709.519 -410385.04207
-5253 0.14614 58668.761 -532868.76163
-5734 0.14577 58961.217 -293945.27558
-5304 0.14665 58666.514 -521281.64797
-5925 0.14343 58655.798 -49240.00122
-6668 0.14288 59086.948 -81416.14591
-6181 0.14444 59047.052 -181800.53126
-5303 0.14565 58767.268 -584238.56309
-5671 0.14441 58970.186 -258347.49407
-6413 0.14182 58845.77 26121.03521
-6251 0.14349 59219.286 -188172.17356
-5570 0.14586 58732.458 -240243.37339
-6465 0.14181 58977.873 12098.94071
-5671 0.14442 58970.187 -258387.12818
-5273 0.14665 58679.999 -530096.16436
-5869 0.14525 58970.208 -235504.14089
-6033 0.14544 59050.053 -248745.47282
-5920 0.14533 58965.98 -250076.18425
-6043 0.14201 58818.149 33097.01928
-6058 0.14415 58969.779 -134487.75078
-5262 0.14612 58701.185 -442744.21801
-6075 0.14412 58998.116 -178452.27519
-6304 0.14387 59011.937 -113878.51751
-5232 0.14592 58631.804 -491576.39665
-6398 0.14304 59023.902 -92216.9400600001
-5355 0.14602 58755.754 -310278.53158
-5286 0.14564 58734.666 -343986.85664
-6506 0.14299 59028.83 -73941.16512
-5288 0.14582 58718.853 -324423.12577
-5303 0.14593 58728.375 -471589.72953
-6229 0.14308 58819.025 -43977.94501
-5982 0.14305 58917.742 -72739.7721200001
-6240 0.14404 58992.48 -143147.32732
-6088 0.14346 59037.113 -125175.78279
-5337 0.14598 58754.236 -309255.62899
-5975 0.14504 59097.819 -273888.33707
-6076 0.14409 58826.742 -89702.81883
-5839 0.14529 58881.794 -238170.2839
-5241 0.14618 58569.665 -487140.75782
-5250 0.14605 58707.901 -528135.64813
-6323 0.14313 58826.352 -38290.59681
-5333 0.14634 58724.851 -570578.49555
-5239 0.14633 58598.171 -499949.19096
-5947 0.14493 59114.592 -276257.21521
-5291 0.14665 58605.378 -487635.34788
-6077 0.14435 59001.982 -166727.30124
-5365 0.14593 58624.017 -223789.27142
-5486 0.14529 58892.151 -256826.75266
-5242 0.14647 58417.489 -926355.745429999
-5984 0.14352 58967.387 -115715.86021
-6260 0.14351 58964.858 -111152.24546
-6031 0.14506 59050.908 -227878.83844
-5793 0.1426 58615.761 -15388.15466
-6704 0.14166 59033.632 -710.406700000003
-6046 0.14202 58828.137 32027.64328
-6020 0.14208 58712.64 42438.38818
-5436 0.14512 58801.973 -256590.70569
-6334 0.14272 58899.543 -32395.12354
-5866 0.14579 59028.396 -280853.85695
-5288 0.14575 58751.805 -342169.90673
-5993 0.14519 59001.58 -230111.18779
-5471 0.14525 58813.542 -243648.60617
-5964 0.14513 59018.327 -211025.46981
-5305 0.14572 58763.05 -587765.28223
-5707 0.14625 58932.033 -313380.43442
-5984 0.14513 59027.441 -224744.27723
-5262 0.14672 58588.649 -526562.39301
-5265 0.14545 58754.023 -355006.00033
-5294 0.14662 58713.885 -554379.77213
-6088 0.14337 58785.205 -62327.6245300001
-6094 0.14444 58985.055 -160123.42713
-5584 0.14648 58846.658 -498982.20458
-5828 0.14556 58939.872 -252666.44577
-6387 0.142 58806.577 33415.31129
-6195 0.14311 58826.858 -44996.9012
-6254 0.14312 59226.089 -186019.43575
-5266 0.14686 58440.315 -929290.307
-5516 0.14656 58764.598 -315487.54572
-5252 0.14623 58680.03 -536600.39437
-6448 0.14439 59110.637 -206443.11483
-6422 0.14308 58980.669 -81631.23014
-5523 0.14639 58821.167 -389034.26015
-5926 0.14285 58777.922 -29424.6854900001
-6326 0.14234 58767.227 24221.36881
-5854 0.14501 58942.442 -216194.47522
-5228 0.14541 58671.414 -510778.39913
-5333 0.14644 58718.864 -577145.78145
-6288 0.14297 58893.849 -68871.6512000001
-5253 0.14611 58700.341 -527593.92985
-5326 0.14579 58785.135 -572438.08895
-5348 0.14635 58795.885 -413558.66365
-6665 0.14304 59080.642 -94590.2981
-5343 0.14461 58806.245 -282037.42679
-6395 0.14208 58864.949 -6371.38113000001
-5882 0.14308 58650.93 -11757.65692
-5742 0.14484 58919.343 -218500.83975
-6255 0.14324 58928.788 -73001.9629
-5835 0.14519 59019.672 -266426.56122
-5342 0.14567 58805.185 -567543.27749
-5539 0.14648 58814.489 -362681.38588
-5312 0.14471 58761.769 -308078.44783
-5430 0.14484 58801.354 -259513.1139
-5320 0.14615 58752.104 -332672.04076
-5254 0.14621 58678.027 -535803.85442
-5555 0.14647 58831.397 -390319.28712
-5275 0.14667 58602.298 -486258.57769
-6107 0.14418 58915.131 -127065.24363
-5252 0.14671 58574.43 -494326.43851
-5356 0.14414 58843.003 -297869.5664
-5998 0.1452 59029.82 -223241.5628
-5488 0.14507 58927.789 -250953.85008
-5245 0.14646 58464.989 -910084.82206
-6708 0.14168 59018.805 5907.67228
-6255 0.14236 58920.559 -44539.37356
-5311 0.14555 58781.255 -579105.24696
-6277 0.14275 59069.739 -117838.68179
-5501 0.14621 58849.559 -450085.72217
-6007 0.14565 58994.4 -241907.03513
-5307 0.14611 58753.396 -351043.34657
-5368 0.14662 58720.066 -560463.82006
-5234 0.14623 58592.172 -522680.03588
-5315 0.14617 58751.321 -332473.40652
-5763 0.14548 58948.134 -258713.06121
-6189 0.14213 58766.945 35270.03541
-5474 0.14486 58931.357 -249090.98211
-5462 0.14633 58846.216 -364055.01885
-5348 0.14566 58809.805 -667031.89699
-6080 0.14206 58809.338 28389.75846
-5891 0.14551 58869.965 -216853.07812
-5557 0.14506 58727.789 -158973.72909
-5295 0.14657 58706.651 -552421.20914
-5346 0.14606 58788.476 -650187.04964
-5941 0.14327 58932.291 -132956.16807
-5337 0.14626 58764.296 -498508.3157
-5846 0.14544 58889.665 -222941.71661
-5921 0.14301 58763.388 -55226.3286600001
-5343 0.14605 58781.49 -570590.7098
-5445 0.14644 58773.945 -320858.9054
-6025 0.1438 58936.903 -108789.48773
-6152 0.14281 58730.388 -21868.09038
-6568 0.14017 59073.134 -35766.31648
-5243 0.14648 58406.221 -919636.8578
-6614 0.142 58846.541 24038.26515
-5267 0.14647 58613.461 -479275.39832
-5824 0.14526 58878.878 -232263.47824
-6155 0.14455 59066.123 -191070.9013
-5248 0.14642 58511.122 -915032.51503
-6027 0.14385 58936.657 -110279.30149
-5644 0.14596 58765.522 -264754.66769
-5972 0.14602 58959.435 -290366.737
-6438 0.14287 59226.09 -181301.80535
-5308 0.14577 58766.474 -582004.20517
-5527 0.14565 58847.048 -259501.51806
-5679 0.14653 58833.456 -559810.69408
-6245 0.14212 59125.981 -158016.20925
-6020 0.1421 58712.499 41762.11351
-6378 0.14373 59118.385 -147203.20326
-5915 0.1433 58876.054 -91445.69663
-6254 0.14327 58879.261 -82058.4590900001
-5990 0.14277 58635.415 15696.72399
-5462 0.14638 58840.708 -362860.82891
-6303 0.14345 59122.477 -131149.41153
-6304 0.14191 58872.218 21334.5394
-5268 0.14689 58438.945 -928276.32146
-5577 0.14586 58760.663 -243792.90368
-5324 0.14486 58837.822 -548722.91099
-5546 0.14544 58835.668 -257203.0248
-6807 0.14166 59051.133 -13237.0287
-6851 0.14041 59090.834 -21317.03973
-5837 0.144 58696.946 -66313.83506
-6568 0.14013 59076.426 -36125.8544
-5747 0.14375 58684.894 -91540.70307
-5367 0.14658 58745.667 -634929.91147
-5971 0.14255 58820.666 4295.83823999999
-5362 0.14577 58834.912 -266779.90953
-6020 0.14211 58713.21 39774.35974
-5461 0.14586 58874.479 -377377.44213
-5577 0.14584 58770.256 -245219.83147
-6056 0.14328 59159.089 -176731.03093
-6564 0.14009 59075.155 -36152.71326
-5859 0.14621 58965.306 -297879.68759
-5940 0.14324 58925.478 -132711.32504
-5294 0.14555 58761.832 -478089.8949
-5883 0.14289 58763.091 -35310.23632
-5483 0.14507 58900.927 -324381.39869
-5330 0.14594 58793.959 -630731.67178
-5373 0.14635 58807.473 -275534.53608
-5306 0.14671 58657.354 -534087.39
-5220 0.14574 58467.747 -988998.795099999
-5311 0.14562 58792.496 -681169.88947
-5612 0.14604 58917.485 -305750.39425
-6177 0.1448 59069.331 -214449.66914
-6149 0.14204 58683.852 52246.50436
-6411 0.14331 59065.554 -125571.13043
-5982 0.14294 58643.237 6602.74058999999
-5319 0.14559 58805.642 -377588.82291
-5296 0.14569 58665.643 -257189.44245
-5937 0.14505 59124.464 -283734.38515
-5451 0.14657 58712.135 -435093.00978
-5255 0.14596 58707.47 -477085.73604
-5310 0.14622 58776.773 -611745.56426
-5939 0.14465 59145.785 -287186.98896
-6383 0.14385 59035.726 -150523.14138
-6404 0.14202 58712.015 46295.24718
-5611 0.14607 58916.878 -307690.85488
-5985 0.14279 58646.067 13479.14618
-5314 0.14658 58673.644 -456621.92351
-6656 0.14183 59083.197 -19283.69678
-5220 0.14573 58494.536 -941348.19656
-5658 0.1466 58817.567 -571472.02108
-6433 0.14267 59003.876 -57576.36632
-5572 0.1462 58765.382 -269373.19912
-5428 0.14613 58852.084 -374503.67837
-5913 0.14637 58923.709 -292376.82083
-5847 0.14474 58954.665 -158294.93211
-6305 0.14276 58892.738 -23415.60774
-6427 0.14285 59220.159 -182953.24184
-5311 0.14565 58677.385 -258914.00053
-5743 0.14517 58924.013 -200919.47463
